0003051
0003052
0003054
0003055
0003056
0003057
0003059
0003062
0003063
0003064
0025335
0025336
0025337
0025338
0025339
0025340
0025343
0025344
0025345
0025346
0025347
0025349
0025350
0025351
0025352
0025353
0025354
0025355
0025356
0025357
0025359
0025360
0025361
0025362
0025363
0025364
0025365
0025366
0025367
0025368
0025369
0025370
0025371
0025372
0025373
0025374
0025375
0025376
0025377
0025378
0025379
0025380
0025381
0025382
0025383
0025384
0025385
0025386
0025387
0025388
0025389
0025390
0025391
0025392
0025393
0025394
0025395
0025396
0025397
0025398
0025399
0025400
0025401
0025982
0025983
0025987
0025999
0026017
0026044
0026045
0027055
0027056
0027057
0027058
0027059
0027060
0027061
0027062
0027063
0027064
0027065
0027066
0027067
0027068
0027069
0027070
0027071
0027072
0027073
0027074
0027075
0027076
0027077
0027078
0027079
0027080
0027081
0027082
0027083
0027084
0027085
0027086
0027087
0027088
0027089
0027090
0027091
0027092
0027093
0027094
0027095
0027096
0027097
0027098
0027099
0027100
0027101
0027102
