0025000
0025003
0025004
0025005
0025007
0025008
0025009
0025010
0025011
0025012
0025013
0025014
0025015
0025016
0025017
0025018
0025019
0025021
0025022
0025023
0025024
0025025
0025026
0025027
0025028
0025029
0025030
0025031
0025032
0025033
0025034
0025035
0025036
0025037
0025038
0025039
0025040
0025041
0025042
0025043
0025044
0025045
0025046
0025048
0025049
0025050
0025051
0025052
0025053
0025054
0025055
0025056
0025057
0025058
0025059
0025060
0025061
0025485
0025486
0025487
0025488
0025489
0025490
0025491
0025492
0025493
0025494
0025495
0025496
0025497
0025498
0025499
0025500
0025501
0025502
0025504
0025505
0025506
0025507
0025508
0025509
0025510
0025511
0025512
0025513
0025514
0025557
0025561
0025562
0025567
0025982
0025983
0025984
0025985
0025986
0025987
0025988
0025989
0025990
0025991
0025992
0025993
0025994
0025995
0025996
0025997
0025998
0025999
0026000
0026001
0026002
0026003
0026004
0026005
0026006
0026007
0026008
0026009
0026010
0026011
0026012
0026013
0026014
0026015
0026016
0026017
0026018
0026019
0026020
0026021
0026022
0026023
0026024
0026025
0026026
0026027
0026028
0026029
0026030
0026031
0026032
0026033
0026034
0026035
0026036
0026037
0026038
0026039
0026040
0026041
0026042
0026043
0026120
0026121
0026122
0026123
0026124
0026125
0026126
0026127
0026128
0026129
0026130
0026131
0026132
0026133
0026134
0026135
0026136
0026137
0026138
0026139
0026140
0026141
0026142
0026143
0026144
0026145
0026146
0026147
0026148
0026149
0026150
0026151
0026152
0026153
0026154
0026155
0026156
0026157
0026158
0026159
0026160
0026161
0026162
0026163
0026164
0026165
0026166
0026167
0026168
0026169
0026170
0026171
0026172
0026173
0026174
0026175
0026176
0026177
0026178
0026179
0026180
0026181
0026182
0026183
0026184
0026185
0026186
0026187
0026188
0026189
0027152
0027153
0027154
0027155
0027156
0027157
0027158
0027159
0027160
0027161
0027162
0027163
0027164
0027165
0027203
0027204
0027205
0027206
0027207
0027208
0027209
0027210
0027211
0027212
0027213
0027214
0027215
0027216
0027217
0027218
0027219
0027220
0027221
0027222
0027223
0027227
0027230
0027235
0027236
0027240
0027241
0027243
0027246
0027249
0027250
0027254
0027256
0027257
