0025000
0025001
0025002
0025003
0025004
0025005
0025006
0025007
0025008
0025009
0025010
0025011
0025012
0025013
0025014
0025015
0025016
0025017
0025018
0025019
0025020
0025021
0025022
0025023
0025024
0025025
0025026
0025027
0025028
0025029
0025030
0025031
0025032
0025033
0025034
0025035
0025036
0025037
0025038
0025039
0025040
0025041
0025042
0025043
0025044
0025045
0025046
0025047
0025048
0025049
0025050
0025051
0025052
0025053
0025054
0025055
0025056
0025057
0025058
0025059
0025060
0025061
0025234
0025235
0025236
0025237
0025238
0025239
0025240
0025241
0025242
0025243
0025244
0025245
0025246
0025247
0025248
0025249
0025250
0025251
0025252
0025253
0025254
0025255
0025256
0025257
0025258
0025259
0025260
0025261
0025262
0025263
0025264
0025265
0025266
0025267
0025268
0025269
0025270
0025271
0025272
0025273
0025274
0025275
0025276
0025277
0025278
0025279
0025280
0025281
0025282
0025283
0025284
0025285
0025286
0025287
0025288
0025289
0025290
0025291
0025292
0025293
0025294
0025295
0025296
0025297
0025298
0025299
0025300
0025301
0025302
0025303
0025304
0025305
0025306
0025307
0025308
0025309
0025310
0025311
0025312
0025313
0025314
0025315
0025316
0025317
0025318
0025319
0025320
0025321
0025322
0025323
0025324
0025325
0025326
0025327
0025328
0025329
0025330
0025331
0025332
0025333
0025402
0025403
0025404
0025405
0025406
0025407
0025408
0025409
0025410
0025411
0025412
0025413
0025414
0025415
0025416
0025417
0025418
0025419
0025420
0025421
0025422
0025423
0025424
0025425
0025426
0025427
0025428
0025429
0025430
0025431
0025432
0025433
0025434
0025435
0025436
0025437
0025438
0025439
0025440
0025441
0025442
0025443
0025444
0025445
0025446
0025447
0025448
0025449
0025450
0025451
0025452
0025453
0025454
0025455
0025456
0025457
0025458
0025459
0025460
0025461
0025462
0025463
0025464
0025465
0025466
0025467
0025469
0025470
0025471
0025472
0025473
0025474
0025475
0025476
0025477
0025478
0025479
0025480
0025481
0025482
0025483
0025484
0025485
0025486
0025487
0025488
0025489
0025490
0025491
0025492
0025493
0025494
0025495
0025496
0025497
0025498
0025499
0025500
0025501
0025502
0025503
0025504
0025505
0025506
0025507
0025508
0025509
0025510
0025511
0025512
0025513
0025514
0025515
0025516
0025517
0025518
0025519
0025520
0025521
0025522
0025523
0025524
0025525
0025526
0025527
0025528
0025529
0025530
0025531
0025532
0025533
0025534
0025535
0025536
0025537
0025538
0025539
0025540
0025541
0025542
0025543
0025544
0025545
0025546
0025547
0025548
0025549
0025557
0025561
0025562
0025567
0025586
0025587
0025588
0025589
0025590
0025591
0025592
0025593
0025594
0025595
0025596
0025597
0025598
0025629
0025630
0025631
0025632
0025633
0025634
0025635
0025636
0025637
0025638
0025639
0025640
0025641
0025642
0025643
0025644
0025645
0025646
0025647
0025648
0025649
0025650
0025651
0025652
0025653
0025654
0025655
0025656
0025657
0025658
0025659
0025660
0025661
0025662
0025663
0025664
0025665
0025666
0025667
0025668
0025669
0025670
0025671
0025672
0025673
0025674
0025675
0025676
0025677
0025678
0025679
0025680
0025681
0025682
0025683
0025684
0025685
0025686
0025687
0025688
0025689
0025690
0025691
0025692
0025693
0025694
0025695
0025696
0025697
0025698
0025699
0025700
0025701
0025702
0025703
0025704
0025705
0025706
0025707
0025708
0025709
0025710
0025711
0025712
0025713
0025714
0025715
0025716
0025717
0025718
0025719
0025720
0025721
0025722
0025723
0025724
0025725
0025726
0025727
0025728
0025729
0025730
0025731
0025732
0025733
0025734
0025735
0025736
0025737
0025738
0025739
0025740
0025741
0025742
0025743
0025744
0025745
0025746
0025747
0025748
0025749
0025750
0025751
0025752
0025753
0025754
0025756
0025757
0025758
0025759
0025760
0025761
0025762
0025763
0025764
0025765
0025766
0025767
0025768
0025769
0025770
0025771
0025772
0025773
0025774
0025775
0025776
0025777
0025778
0025779
0025780
0025781
0025782
0025783
0025784
0025785
0025786
0025787
0025788
0025789
0025790
0025791
0025792
0025793
0025794
0025795
0025796
0025797
0025798
0025799
0025800
0025801
0025802
0025803
0025804
0025805
0025806
0025807
0025808
0025809
0025810
0025811
0025812
0025813
0025814
0025815
0025816
0025817
0025818
0025819
0025820
0025821
0025822
0025823
0025824
0025825
0025826
0025827
0025828
0025829
0025830
0025831
0025832
0025833
0025834
0025835
0025836
0025837
0025838
0025839
0025840
0025841
0025842
0025843
0025844
0025845
0025846
0025847
0025848
0025849
0025850
0025851
0025852
0025853
0025854
0025855
0025856
0025857
0025858
0025859
0025860
0025861
0025862
0025863
0025864
0025865
0025866
0025867
0025868
0025869
0025870
0025871
0025872
0025873
0025874
0025875
0025876
0025877
0025878
0025879
0025880
0025881
0025882
0025883
0025884
0025885
0025886
0025887
0025888
0025889
0025890
0025891
0025892
0025893
0025894
0025895
0025896
0025897
0025898
0025899
0025900
0025901
0025902
0025903
0025904
0025905
0025906
0025907
0025908
0025909
0025910
0025911
0025912
0025913
0025921
0025922
0025923
0025924
0025925
0025926
0025927
0025928
0025929
0025930
0025931
0025932
0025933
0025934
0025935
0025936
0025937
0025938
0025939
0025940
0025941
0025942
0025943
0025944
0025945
0025946
0025947
0025948
0025949
0025950
0025951
0025952
0025953
0025954
0025955
0025956
0025957
0025958
0025959
0025960
0025961
0025962
0025963
0025964
0025965
0025966
0025967
0025968
0025969
0025970
0025971
0025972
0025973
0025974
0025975
0025976
0025977
0025978
0025979
0025980
0025981
0025982
0025983
0025984
0025985
0025986
0025987
0025988
0025989
0025990
0025991
0025992
0025993
0025994
0025995
0025996
0025997
0025998
0025999
0026000
0026001
0026002
0026003
0026004
0026005
0026006
0026007
0026008
0026009
0026010
0026011
0026012
0026013
0026014
0026015
0026016
0026017
0026018
0026019
0026020
0026021
0026022
0026023
0026024
0026025
0026026
0026027
0026028
0026029
0026030
0026031
0026032
0026033
0026034
0026035
0026036
0026037
0026038
0026039
0026040
0026041
0026042
0026043
0026120
0026121
0026122
0026123
0026124
0026125
0026126
0026127
0026128
0026129
0026130
0026131
0026132
0026133
0026134
0026135
0026136
0026137
0026138
0026139
0026140
0026141
0026142
0026143
0026144
0026145
0026146
0026147
0026148
0026149
0026150
0026151
0026152
0026153
0026154
0026155
0026156
0026157
0026158
0026159
0026160
0026161
0026162
0026163
0026164
0026165
0026166
0026167
0026168
0026169
0026170
0026171
0026172
0026173
0026174
0026175
0026176
0026177
0026178
0026179
0026180
0026181
0026182
0026183
0026184
0026185
0026186
0026187
0026188
0026189
0027011
0027012
0027013
0027014
0027015
0027017
0027018
0027019
0027020
0027021
0027022
0027024
0027025
0027026
0027027
0027029
0027030
0027032
0027033
0027035
0027036
0027038
0027039
0027040
0027041
0027042
0027044
0027045
0027046
0027047
0027048
0027051
0027052
0027053
0027054
0027055
0027056
0027057
0027058
0027060
0027061
0027062
0027063
0027064
0027152
0027153
0027154
0027155
0027156
0027157
0027158
0027159
0027160
0027161
0027162
0027163
0027164
0027165
0027166
0027167
0027168
0027169
0027170
0027171
0027172
0027173
0027174
0027175
0027203
0027204
0027205
0027206
0027207
0027208
0027210
0027211
0027212
0027213
0027214
0027215
0027216
0027217
0027218
0027219
0027220
0027221
0027222
0027223
0027227
0027230
0027235
0027236
0027240
0027241
0027243
0027246
0027249
0027250
0027254
0027256
0027257
0027259
0027260
0027261
0027262
0027263
0027264
0027265
0027266
0027267
0027268
0027269
0027270
0027271
0027272
0027273
0027274
0027275
0027276
0027277
0027278
0027279
0027280
0027281
0027282
