0003051
0003052
0003054
0003055
0003056
0003057
0003059
0003062
0003063
0003064
0025336
0025337
0025338
0025339
0025340
0025341
0025342
0025343
0025344
0025345
0025346
0025347
0025348
0025349
0025350
0025351
0025352
0025353
0025354
0025355
0025356
0025357
0025358
0025359
0025360
0025361
0025362
0025363
0025364
0025365
0025366
0025367
0025368
0025369
0025370
0025371
0025372
0025373
0025374
0025375
0025376
0025377
0025378
0025379
0025380
0025381
0025382
0025383
0025384
0025385
0025386
0025387
0025388
0025389
0025390
0025391
0025392
0025393
0025394
0025395
0025396
0025397
0025398
0025399
0025400
0025401
0026017
