0025023
0025025
0025047
0025238
0025239
0025240
0025244
0025245
0025252
0025253
0025254
0025257
0025259
0025261
0025263
0025264
0025265
0025267
0025270
0025271
0025272
0025273
0025274
0025275
0025276
0025277
0025278
0025283
0025285
0025286
0025287
0025288
0025290
0025291
0025427
0025428
0025429
0025430
0025431
0025432
0025433
0025434
0025435
0025436
0025437
0025438
0025439
0025440
0025441
0025442
0025443
0025444
0025445
0025446
0025447
0025448
0025449
0025450
0025451
0025452
0025453
0025454
0025455
0025456
0025458
0025463
0025465
0025466
0025982
0025983
0025984
0025985
0025986
0025987
0025988
0025989
0025990
0025991
0025992
0025993
0025994
0025995
0025996
0025997
0025998
0025999
0026000
0026001
0026002
0026003
0026004
0026005
0026006
0026017
0027152
0027153
0027154
0027155
0027156
0027157
0027158
0027159
0027160
0027161
0027162
0027163
0027164
0027165
0027203
0027204
0027205
0027206
0027207
0027208
0027209
0027210
0027211
0027212
0027213
0027214
0027215
0027216
0027217
0027218
0027219
0027220
0027221
0027222
