0003001
0003002
0003004
0003006
0003007
0003008
0003009
0003010
0003011
0003012
0003013
0003014
0003015
0003016
0003017
0003018
0003020
0003021
0003022
0003023
0003024
0003025
0003026
0003032
0003033
0003034
0003036
0003037
0003038
0003039
0003040
0003041
0003042
0003044
0003045
0003047
0003049
0003050
0003051
0003052
0003054
0003055
0003056
0003057
0003059
0003060
0003061
0003062
0003063
0003064
0021001
0021002
0021006
0021018
0021024
0025000
0025001
0025002
0025003
0025004
0025005
0025006
0025007
0025008
0025009
0025010
0025011
0025012
0025013
0025014
0025015
0025016
0025017
0025018
0025019
0025020
0025021
0025022
0025023
0025024
0025025
0025026
0025027
0025028
0025029
0025030
0025031
0025032
0025033
0025034
0025035
0025036
0025037
0025038
0025039
0025040
0025041
0025042
0025043
0025044
0025045
0025046
0025047
0025048
0025049
0025050
0025051
0025052
0025053
0025054
0025055
0025056
0025057
0025058
0025059
0025060
0025061
0025062
0025063
0025064
0025065
0025066
0025067
0025068
0025069
0025070
0025071
0025072
0025073
0025074
0025075
0025076
0025077
0025078
0025079
0025080
0025081
0025082
0025083
0025084
0025085
0025086
0025087
0025088
0025089
0025090
0025091
0025092
0025093
0025094
0025095
0025096
0025097
0025098
0025099
0025100
0025101
0025102
0025103
0025104
0025105
0025106
0025107
0025108
0025109
0025110
0025111
0025112
0025113
0025114
0025115
0025116
0025117
0025118
0025119
0025120
0025121
0025122
0025123
0025124
0025125
0025126
0025127
0025128
0025129
0025130
0025131
0025132
0025133
0025134
0025135
0025136
0025137
0025138
0025139
0025140
0025141
0025142
0025143
0025144
0025145
0025146
0025147
0025148
0025149
0025150
0025151
0025152
0025153
0025154
0025155
0025156
0025157
0025158
0025159
0025160
0025161
0025162
0025163
0025164
0025165
0025166
0025167
0025168
0025169
0025170
0025171
0025172
0025173
0025174
0025175
0025176
0025177
0025178
0025179
0025180
0025181
0025182
0025183
0025184
0025185
0025186
0025234
0025235
0025236
0025237
0025238
0025239
0025240
0025241
0025242
0025243
0025244
0025245
0025246
0025247
0025248
0025249
0025250
0025251
0025252
0025253
0025254
0025255
0025256
0025257
0025258
0025259
0025260
0025261
0025262
0025263
0025264
0025265
0025266
0025267
0025268
0025269
0025270
0025271
0025272
0025273
0025274
0025275
0025276
0025277
0025278
0025279
0025280
0025281
0025282
0025283
0025284
0025285
0025286
0025287
0025288
0025289
0025290
0025291
0025292
0025293
0025294
0025295
0025296
0025297
0025298
0025299
0025300
0025301
0025302
0025303
0025304
0025305
0025306
0025307
0025308
0025309
0025310
0025311
0025312
0025313
0025314
0025315
0025317
0025318
0025319
0025320
0025321
0025322
0025323
0025324
0025325
0025326
0025327
0025328
0025329
0025330
0025331
0025332
0025333
0025335
0025336
0025337
0025338
0025339
0025340
0025341
0025342
0025343
0025344
0025345
0025346
0025347
0025348
0025349
0025350
0025351
0025352
0025353
0025354
0025355
0025356
0025357
0025358
0025359
0025360
0025361
0025362
0025363
0025364
0025365
0025366
0025367
0025368
0025369
0025370
0025371
0025372
0025373
0025374
0025375
0025376
0025377
0025378
0025379
0025380
0025381
0025382
0025383
0025384
0025385
0025386
0025387
0025388
0025389
0025390
0025391
0025392
0025393
0025394
0025395
0025396
0025397
0025398
0025399
0025400
0025401
0025402
0025403
0025404
0025405
0025406
0025407
0025408
0025409
0025410
0025411
0025412
0025413
0025414
0025415
0025416
0025417
0025418
0025419
0025420
0025421
0025422
0025423
0025424
0025425
0025426
0025427
0025428
0025429
0025430
0025431
0025432
0025433
0025434
0025435
0025436
0025437
0025438
0025439
0025440
0025441
0025442
0025443
0025444
0025445
0025446
0025447
0025448
0025449
0025450
0025451
0025452
0025453
0025454
0025455
0025456
0025457
0025458
0025459
0025460
0025461
0025462
0025463
0025464
0025465
0025466
0025467
0025468
0025469
0025470
0025471
0025472
0025473
0025474
0025475
0025476
0025477
0025478
0025479
0025480
0025481
0025482
0025483
0025484
0025485
0025486
0025487
0025488
0025489
0025490
0025491
0025492
0025493
0025494
0025495
0025496
0025497
0025498
0025499
0025500
0025501
0025502
0025503
0025504
0025505
0025506
0025507
0025508
0025509
0025510
0025511
0025512
0025513
0025514
0025515
0025516
0025517
0025518
0025519
0025520
0025521
0025522
0025523
0025524
0025525
0025526
0025527
0025528
0025529
0025530
0025531
0025532
0025533
0025534
0025535
0025536
0025537
0025538
0025539
0025540
0025541
0025542
0025543
0025544
0025545
0025546
0025547
0025548
0025549
0025550
0025551
0025552
0025553
0025554
0025555
0025556
0025557
0025558
0025559
0025560
0025561
0025562
0025563
0025564
0025565
0025566
0025567
0025568
0025569
0025570
0025571
0025572
0025573
0025574
0025575
0025576
0025577
0025578
0025579
0025580
0025581
0025582
0025583
0025584
0025585
0025586
0025587
0025588
0025589
0025590
0025591
0025592
0025593
0025594
0025595
0025596
0025597
0025598
0025599
0025600
0025601
0025602
0025603
0025604
0025605
0025606
0025607
0025608
0025609
0025610
0025611
0025612
0025613
0025614
0025615
0025616
0025617
0025618
0025619
0025620
0025621
0025622
0025623
0025624
0025625
0025626
0025627
0025628
0025629
0025630
0025631
0025632
0025633
0025634
0025635
0025636
0025637
0025638
0025639
0025640
0025641
0025642
0025643
0025644
0025645
0025646
0025647
0025648
0025649
0025650
0025651
0025652
0025653
0025654
0025655
0025656
0025657
0025658
0025659
0025660
0025661
0025662
0025663
0025664
0025665
0025666
0025667
0025668
0025669
0025670
0025671
0025672
0025673
0025674
0025675
0025676
0025677
0025678
0025679
0025680
0025681
0025682
0025683
0025684
0025685
0025686
0025687
0025688
0025689
0025690
0025691
0025692
0025693
0025694
0025695
0025696
0025697
0025698
0025699
0025700
0025701
0025702
0025703
0025704
0025705
0025706
0025707
0025708
0025709
0025710
0025711
0025712
0025713
0025714
0025715
0025716
0025717
0025718
0025719
0025720
0025721
0025722
0025723
0025724
0025725
0025726
0025727
0025728
0025729
0025730
0025731
0025732
0025733
0025734
0025735
0025736
0025737
0025738
0025739
0025740
0025741
0025742
0025743
0025744
0025745
0025747
0025748
0025749
0025750
0025751
0025752
0025753
0025754
0025755
0025756
0025757
0025758
0025759
0025760
0025761
0025762
0025763
0025764
0025765
0025766
0025767
0025768
0025769
0025770
0025771
0025772
0025773
0025774
0025775
0025776
0025777
0025778
0025779
0025780
0025781
0025782
0025783
0025784
0025785
0025786
0025787
0025788
0025789
0025790
0025791
0025792
0025793
0025794
0025795
0025796
0025797
0025798
0025799
0025800
0025801
0025802
0025803
0025804
0025805
0025806
0025807
0025808
0025809
0025810
0025811
0025812
0025813
0025814
0025815
0025816
0025817
0025818
0025819
0025820
0025821
0025822
0025823
0025824
0025825
0025826
0025827
0025828
0025829
0025830
0025831
0025832
0025833
0025834
0025835
0025836
0025837
0025838
0025839
0025840
0025841
0025842
0025843
0025844
0025845
0025846
0025847
0025848
0025849
0025850
0025851
0025852
0025853
0025854
0025855
0025856
0025857
0025858
0025859
0025860
0025861
0025862
0025863
0025864
0025865
0025866
0025867
0025868
0025869
0025870
0025871
0025872
0025873
0025874
0025875
0025876
0025877
0025878
0025879
0025880
0025881
0025882
0025883
0025884
0025885
0025886
0025887
0025888
0025889
0025890
0025891
0025892
0025893
0025894
0025895
0025896
0025897
0025898
0025899
0025900
0025901
0025902
0025903
0025904
0025905
0025906
0025907
0025908
0025909
0025910
0025911
0025912
0025913
0025914
0025915
0025916
0025917
0025918
0025919
0025920
0025921
0025922
0025923
0025924
0025925
0025926
0025927
0025928
0025929
0025930
0025931
0025932
0025933
0025934
0025935
0025936
0025937
0025938
0025939
0025940
0025941
0025942
0025943
0025944
0025945
0025946
0025947
0025948
0025949
0025950
0025951
0025952
0025953
0025954
0025955
0025956
0025957
0025958
0025959
0025960
0025961
0025962
0025963
0025964
0025965
0025966
0025967
0025968
0025969
0025970
0025971
0025972
0025973
0025974
0025975
0025976
0025977
0025978
0025979
0025980
0025981
0025982
0025983
0025984
0025985
0025986
0025987
0025988
0025989
0025990
0025991
0025992
0025993
0025994
0025995
0025996
0025997
0025998
0025999
0026000
0026001
0026002
0026003
0026004
0026005
0026006
0026007
0026008
0026009
0026010
0026011
0026012
0026013
0026014
0026015
0026016
0026017
0026018
0026019
0026020
0026021
0026022
0026023
0026024
0026025
0026026
0026027
0026028
0026029
0026030
0026031
0026032
0026033
0026034
0026035
0026036
0026037
0026038
0026039
0026040
0026041
0026042
0026043
0026044
0026045
0026046
0026047
0026048
0026049
0026050
0026051
0026052
0026053
0026054
0026055
0026056
0026057
0026058
0026059
0026060
0026061
0026062
0026063
0026064
0026065
0026066
0026067
0026068
0026069
0026070
0026071
0026072
0026073
0026074
0026075
0026076
0026077
0026078
0026079
0026080
0026081
0026082
0026083
0026084
0026085
0026086
0026087
0026088
0026089
0026090
0026091
0026092
0026093
0026094
0026095
0026096
0026097
0026098
0026099
0026100
0026101
0026102
0026103
0026104
0026105
0026106
0026107
0026108
0026109
0026110
0026111
0026112
0026113
0026114
0026115
0026116
0026117
0026118
0026119
0026120
0026121
0026122
0026123
0026124
0026125
0026126
0026127
0026128
0026129
0026130
0026131
0026132
0026133
0026134
0026135
0026136
0026137
0026138
0026139
0026140
0026141
0026142
0026143
0026144
0026145
0026146
0026147
0026148
0026149
0026150
0026151
0026152
0026153
0026154
0026155
0026156
0026157
0026158
0026159
0026160
0026161
0026162
0026163
0026164
0026165
0026166
0026167
0026168
0026169
0026170
0026171
0026172
0026173
0026174
0026175
0026176
0026177
0026178
0026179
0026180
0026181
0026182
0026183
0026184
0026185
0026186
0026187
0026188
0026189
0026190
0026191
0026192
0026193
0026194
0026195
0026196
0026197
0026198
0026199
0026200
0026201
0026202
0026203
0026204
0026205
0026206
0026207
0026208
0026209
0027010
0027011
0027012
0027013
0027015
0027016
0027017
0027018
0027019
0027020
0027021
0027022
0027023
0027025
0027028
0027029
0027030
0027031
0027033
0027035
0027036
0027037
0027038
0027040
0027041
0027042
0027043
0027044
0027045
0027046
0027047
0027048
0027049
0027050
0027051
0027052
0027053
0027055
0027056
0027057
0027058
0027059
0027060
0027061
0027062
0027063
0027064
0027065
0027066
0027067
0027068
0027069
0027070
0027071
0027072
0027073
0027074
0027075
0027076
0027077
0027078
0027079
0027080
0027081
0027082
0027083
0027084
0027085
0027086
0027087
0027088
0027089
0027090
0027091
0027092
0027093
0027094
0027095
0027096
0027097
0027098
0027099
0027100
0027101
0027102
0027103
0027104
0027105
0027106
0027107
0027108
0027109
0027110
0027111
0027112
0027113
0027114
0027115
0027116
0027117
0027118
0027119
0027120
0027121
0027122
0027123
0027124
0027125
0027126
0027127
0027128
0027129
0027130
0027131
0027132
0027133
0027134
0027135
0027136
0027137
0027138
0027139
0027140
0027141
0027142
0027143
0027144
0027145
0027146
0027147
0027148
0027149
0027150
0027151
0027152
0027153
0027154
0027155
0027156
0027157
0027158
0027159
0027160
0027161
0027162
0027163
0027164
0027165
0027166
0027167
0027168
0027169
0027170
0027171
0027172
0027173
0027174
0027175
0027176
0027177
0027178
0027179
0027180
0027181
0027182
0027183
0027184
0027185
0027186
0027187
0027188
0027189
0027190
0027191
0027192
0027193
0027194
0027195
0027196
0027197
0027198
0027199
0027200
0027201
0027202
0027203
0027204
0027205
0027206
0027207
0027208
0027209
0027210
0027211
0027212
0027213
0027214
0027215
0027216
0027217
0027218
0027219
0027220
0027221
0027222
0027223
0027224
0027225
0027226
0027227
0027228
0027229
0027230
0027231
0027232
0027233
0027234
0027235
0027236
0027237
0027238
0027239
0027240
0027241
0027242
0027243
0027244
0027245
0027246
0027247
0027248
0027249
0027250
0027251
0027252
0027253
0027254
0027255
0027256
0027257
0027258
0027259
0027260
0027261
0027262
0027263
0027264
0027265
0027266
0027267
0027268
0027269
0027270
0027271
0027272
0027273
0027274
0027275
0027276
0027277
0027278
0027279
0027280
0027281
0027282
0027283
0027284
0027285
0027286
0027287
0027288
0027289
0027290
0027291
0027292
0027293
0027294
0027295
0027296
0027297
0027298
0027299
0027300
0027301
0027302
0027303
0027304
0027305
1427581
1793622
1961098
2475376
2799329
2842950
3201815
3313349
3315657
3795193
3808535
3893245
4176156
4288245
6471972
7055197
8574662
8735778
9630905
sub05676
sub08224
sub08889
sub09607
sub14864
sub18604
sub22894
sub27641
sub33259
sub34482
sub36678
sub38579
sub39529
sub45463
sub47000
sub49401
sub52738
sub55441
sub58949
sub60624
sub76987
sub84403
sub86146
sub90179
sub94293
