0025023
0025025
0025047
0025982
0025983
0025984
0025985
0025986
0025987
0025988
0025989
0025990
0025991
0025992
0025993
0025994
0025995
0025996
0025997
0025998
0025999
0026000
0026001
0026002
0026003
0026004
0026005
0026006
0026017
0027152
0027153
0027154
0027155
0027156
0027157
0027158
0027159
0027160
0027161
0027162
0027163
0027164
0027165
0027203
0027204
0027205
0027206
0027207
0027208
0027209
0027210
0027211
0027212
0027213
0027214
0027215
0027216
0027217
0027218
0027219
0027220
0027221
0027222
