0003001
0003002
0003004
0003006
0003007
0003008
0003009
0003010
0003011
0003012
0003013
0003014
0003015
0003016
0003017
0003018
0003020
0003021
0003022
0003023
0003024
0003025
0003026
0003032
0003033
0003034
0003036
0003037
0003038
0003039
0003040
0003041
0003042
0003044
0003045
0003047
0003049
0003050
0003051
0003052
0003054
0003055
0003056
0003057
0003059
0003060
0003061
0003062
0003063
0003064
0025000
0025001
0025002
0025003
0025004
0025005
0025006
0025007
0025008
0025009
0025010
0025011
0025012
0025013
0025014
0025015
0025016
0025017
0025018
0025019
0025020
0025022
0025023
0025024
0025025
0025027
0025028
0025029
0025030
0025031
0025032
0025033
0025034
0025036
0025037
0025038
0025039
0025040
0025041
0025042
0025044
0025045
0025046
0025047
0025048
0025049
0025050
0025051
0025052
0025053
0025054
0025055
0025056
0025057
0025058
0025059
0025060
0025061
0025062
0025063
0025064
0025065
0025066
0025067
0025068
0025069
0025070
0025071
0025072
0025073
0025074
0025075
0025076
0025077
0025078
0025079
0025080
0025081
0025082
0025083
0025084
0025085
0025086
0025087
0025088
0025089
0025090
0025091
0025092
0025093
0025094
0025095
0025096
0025097
0025098
0025099
0025100
0025101
0025102
0025103
0025104
0025105
0025106
0025107
0025108
0025109
0025110
0025111
0025112
0025113
0025114
0025115
0025116
0025117
0025118
0025119
0025120
0025121
0025122
0025123
0025124
0025125
0025126
0025127
0025128
0025129
0025130
0025131
0025132
0025133
0025134
0025135
0025136
0025137
0025138
0025139
0025140
0025141
0025142
0025143
0025144
0025145
0025146
0025147
0025148
0025149
0025150
0025151
0025152
0025153
0025154
0025155
0025156
0025157
0025158
0025159
0025160
0025161
0025162
0025163
0025164
0025165
0025166
0025167
0025168
0025169
0025170
0025171
0025172
0025173
0025174
0025175
0025176
0025177
0025178
0025179
0025180
0025181
0025182
0025183
0025184
0025185
0025186
0025335
0025336
0025337
0025338
0025339
0025340
0025341
0025342
0025343
0025344
0025345
0025346
0025347
0025348
0025349
0025350
0025351
0025352
0025353
0025354
0025355
0025356
0025357
0025358
0025359
0025360
0025361
0025362
0025363
0025364
0025365
0025366
0025367
0025368
0025369
0025370
0025371
0025372
0025373
0025374
0025375
0025376
0025377
0025378
0025379
0025380
0025381
0025382
0025383
0025384
0025385
0025386
0025387
0025388
0025389
0025390
0025391
0025392
0025393
0025394
0025395
0025396
0025397
0025398
0025399
0025400
0025401
0025485
0025486
0025487
0025488
0025489
0025490
0025491
0025492
0025493
0025494
0025495
0025496
0025497
0025498
0025499
0025500
0025501
0025502
0025503
0025504
0025505
0025507
0025508
0025509
0025510
0025511
0025512
0025513
0025514
0025550
0025551
0025552
0025553
0025554
0025555
0025556
0025557
0025558
0025559
0025560
0025561
0025562
0025563
0025564
0025565
0025566
0025567
0025568
0025569
0025570
0025571
0025572
0025573
0025574
0025575
0025576
0025577
0025578
0025579
0025580
0025581
0025582
0025583
0025584
0025585
0025982
0025983
0025984
0025985
0025986
0025987
0025988
0025989
0025990
0025991
0025992
0025993
0025994
0025995
0025996
0025997
0025998
0025999
0026000
0026001
0026002
0026003
0026004
0026005
0026006
0026007
0026008
0026009
0026010
0026011
0026012
0026013
0026014
0026015
0026016
0026017
0026044
0026045
0026046
0026047
0026048
0026049
0026050
0026051
0026052
0026053
0026054
0026055
0026056
0026057
0026058
0026059
0026060
0026061
0026062
0026063
0026064
0026065
0026066
0026067
0026068
0026069
0026070
0026071
0026072
0026073
0026074
0026075
0026076
0026077
0026078
0026079
0026080
0026081
0026082
0026083
0026084
0026085
0026086
0026087
0026088
0026089
0026090
0026091
0026092
0026093
0026094
0026095
0026096
0026097
0026098
0026099
0026100
0026101
0026102
0026103
0026104
0026105
0026106
0026107
0026108
0026109
0026110
0026111
0026112
0026113
0026114
0026115
0026116
0026117
0026118
0026119
0026120
0026121
0026122
0026123
0026124
0026125
0026126
0026127
0026128
0026129
0026130
0026131
0026132
0026133
0026134
0026135
0026136
0026137
0026138
0026139
0026140
0026141
0026142
0026143
0026144
0026145
0026146
0026147
0026148
0026149
0026150
0026151
0026152
0026153
0026154
0026155
0026156
0026157
0026158
0026159
0026160
0026161
0026162
0026163
0026164
0026165
0026166
0026167
0026168
0026169
0026170
0026171
0026172
0026173
0026174
0026175
0026176
0026177
0026178
0026179
0026180
0026181
0026182
0026183
0026184
0026185
0026186
0026187
0026188
0026189
0026190
0026191
0026192
0026193
0026194
0026195
0026196
0026197
0026198
0026199
0026200
0026201
0026202
0026203
0026204
0026205
0026206
0026207
0026208
0026209
0027055
0027056
0027057
0027058
0027059
0027060
0027061
0027062
0027063
0027064
0027065
0027066
0027067
0027068
0027069
0027070
0027071
0027072
0027073
0027074
0027075
0027076
0027077
0027078
0027079
0027080
0027081
0027082
0027083
0027084
0027085
0027086
0027087
0027088
0027089
0027090
0027091
0027092
0027093
0027094
0027095
0027096
0027097
0027098
0027099
0027100
0027101
0027102
0027103
0027104
0027105
0027106
0027107
0027108
0027109
0027110
0027111
0027112
0027113
0027114
0027115
0027116
0027117
0027118
0027119
0027121
0027122
0027123
0027124
0027125
0027126
0027127
0027129
0027130
0027131
0027132
0027133
0027134
0027135
0027136
0027137
0027138
0027139
0027140
0027141
0027142
0027143
0027144
0027145
0027146
0027147
0027148
0027149
0027150
0027151
0027152
0027153
0027154
0027155
0027156
0027157
0027158
0027159
0027160
0027161
0027162
0027163
0027164
0027165
0027203
0027204
0027205
0027206
0027207
0027208
0027209
0027210
0027211
0027212
0027213
0027214
0027215
0027216
0027217
0027218
0027219
0027220
0027221
0027222
0027223
0027224
0027225
0027226
0027227
0027228
0027229
0027230
0027231
0027232
0027233
0027234
0027235
0027236
0027237
0027238
0027239
0027240
0027241
0027242
0027243
0027244
0027245
0027246
0027247
0027248
0027249
0027250
0027251
0027252
0027253
0027254
0027255
0027256
0027257
0027258
0027259
0027260
0027261
0027262
0027263
0027264
0027265
0027266
0027267
0027268
0027269
0027270
0027271
0027272
0027273
0027274
0027275
0027276
0027277
0027278
0027279
0027280
0027281
0027282
0027283
0027284
0027285
0027286
0027287
0027288
0027289
0027290
0027291
0027292
0027293
0027294
0027295
0027296
0027297
0027298
0027299
0027300
0027301
0027302
0027303
0027304
0027305
